Input matrix is :
1 3 1 3 
4 -2 -3 1 
2 1 0 -1 
1 2 -1 -2 

The minor matrix is :
1 -15 -3 -17 
-6 -4 18 8 
43 13 59 21 
17 27 43 -7 

The co-factor matrix is :
1 15 -3 17 
6 -4 -18 8 
43 -13 59 -21 
-17 27 -43 -7 

The Adjoint matrix is :
1 6 43 -17 
15 -4 -13 27 
-3 -18 59 -43 
17 8 -21 -7 

The Inverse matrix is :
0.0106383 0.0638298 0.457447 -0.180851 
0.159574 -0.0425532 -0.138298 0.287234 
-0.0319149 -0.191489 0.62766 -0.457447 
0.180851 0.0851064 -0.223404 -0.0744681 

Solution of the equations is :
A 5.78723
B -5.19149
C 3.6383
D -2.61702
